  1 4
  2 619
  4 4829
  6 6857
  8 2128
 10 10133
 12 62977
 14 84576
 16 34730
 18 8358
 20 2284
 22 4282
 24 13157
 26 26828
 28 33421
 30 85629
 32 328223
 34 683920
 36 756893
 38 756754
 40 913350
 42 710661
 44 323572
 46 161200
 48 200729
 50 263416
 52 229847
 54 205747
 56 209390
 58 132948
 60 46228
 62 13702
 64 4915
 66 4038
 68 6745
 70 11644
 72 17561
 74 23261
 76 30648
 78 33587
 80 30276
 82 26351
 84 20258
 86 11931
 88 6427
 90 3435
 92 1756
 94 956
 96 594
 98 434
100 313
102 221
104 182
106 142
108 119
110 93
112 70
114 82
116 40
118 71
120 47
122 44
124 48
126 45
128 36
130 33
132 30
134 35
136 17
138 18
140 11
142 16
144 10
146 16
148 18
150 13
152 10
154 15
156 17
158 24
160 21
162 23
164 26
166 31
168 36
170 27
172 29
174 18
176 18
178 9
180 14
182 11
184 9
186 6
188 12
190 8
192 6
194 8
196 7
198 24
200 336
202 2161
204 6889
206 13358
208 24379
210 67961
212 194717
214 358314
216 465145
218 511799
220 525185
222 497166
224 388223
226 270840
228 222627
230 238279
232 253880
234 377353
236 659396
238 979571
240 1138765
242 1164807
244 1175552
246 1043100
248 763363
250 503402
252 409038
254 408673
256 397607
258 368797
260 323816
262 251459
264 161604
266 79289
268 41452
270 27048
272 29637
274 34605
276 42735
278 51791
280 59203
282 59953
284 55501
286 49443
288 40061
290 29792
292 20988
294 14361
296 10167
298 7731
300 6049
302 5524
304 4696
306 4563
308 3766
310 3597
312 3411
314 3226
316 2923
318 2891
320 2671
322 2601
324 2361
326 2193
328 2160
330 2016
332 1899
334 1919
336 1893
338 1839
340 1738
342 1779
344 1758
346 1795
348 1760
350 1847
352 1893
354 1971
356 2088
358 2057
360 2365
362 2664
364 2554
366 2604
368 2547
370 2385
372 2404
374 2331
376 2500
378 2604
380 2993
382 3227
384 3676
386 3759
388 3649
390 3488
392 3303
394 2885
396 2336
398 2206
400 1927
402 1753
404 1614
406 1526
408 1335
410 1259
412 1130
414 1090
416 1036
418 1028
420 901
422 874
424 777
426 833
428 738
430 724
432 721
434 763
436 706
438 699
440 602
442 640
444 655
446 687
448 599
450 647
452 593
454 564
456 633
458 596
460 618
462 667
464 538
466 623
468 626
470 634
472 677
474 694
476 719
478 718
480 683
482 741
484 733
486 714
488 671
490 668
492 684
494 754
496 740
498 825
500 845
502 871
504 882
506 814
508 816
510 763
512 741
514 663
516 699
518 664
520 676
522 674
524 666
526 593
528 614
530 622
532 619
534 578
536 551
538 648
540 642
542 552
544 583
546 552
548 585
550 604
552 604
554 577
556 592
558 606
560 543
562 559
564 550
566 517
568 553
570 550
572 539
574 516
576 503
578 532
580 515
582 492
584 518
586 510
588 484
590 457
592 458
594 500
596 521
598 463
600 491
602 487
604 454
606 484
608 479
610 509
612 509
614 502
616 482
618 480
620 495
622 480
624 487
626 443
628 489
630 487
632 453
634 507
636 508
638 468
640 490
642 481
644 513
646 477
648 501
650 479
652 537
654 489
656 516
658 510
660 504
662 532
664 513
666 497
668 584
670 532
672 495
674 476
676 532
678 533
680 548
682 528
684 594
686 534
688 596
690 600
692 558
694 606
696 608
698 610
700 614
702 680
704 681
706 671
708 622
710 696
712 704
714 688
716 667
718 763
720 733
722 763
724 751
726 802
728 773
730 867
732 796
734 777
736 828
738 766
740 783
742 738
744 735
746 779
748 743
750 695
752 680
754 689
756 655
758 677
760 679
762 657
764 646
766 584
768 631
770 616
772 613
774 616
776 606
778 588
780 618
782 577
784 560
786 521
788 606
790 581
792 584
794 570
796 545
798 559
800 614
802 602
804 541
806 536
808 570
810 515
812 575
814 514
816 558
818 571
820 531
822 569
824 546
826 548
828 585
830 660
832 562
834 638
836 561
838 567
840 579
842 527
844 581
846 549
848 595
850 614
852 564
854 580
856 569
858 567
860 590
862 575
864 599
866 570
868 576
870 516
872 584
874 545
876 619
878 564
880 592
882 553
884 565
886 605
888 602
890 596
892 617
894 594
896 594
898 634
900 629
902 615
904 594
906 608
908 624
910 591
912 656
914 661
916 643
918 670
920 710
922 727
924 752
926 672
928 741
930 690
932 729
934 736
936 740
938 711
940 752
942 748
944 781
946 767
948 813
950 774
952 845
954 837
956 884
958 917
960 956
962 993
964 913
966 1040
968 1006
970 1021
972 1077
974 1010
976 1069
978 1079
980 1198
982 1162
984 1235
986 1275
988 1193
990 1192
992 1195
994 1216
996 1162
998 1040
1000 1080
1002 1079
1004 1016
1006 1008
1008 997
1010 978
1012 974
1014 944
1016 925
1018 897
1020 877
1022 839
1024 853
1026 808
1028 853
1030 805
1032 785
1034 833
1036 792
1038 817
1040 877
1042 818
1044 809
1046 865
1048 875
1050 868
1052 842
1054 778
1056 718
1058 704
1060 747
1062 685
1064 755
1066 744
1068 738
1070 782
1072 853
1074 878
1076 832
1078 835
1080 839
1082 813
1084 846
1086 847
1088 850
1090 847
1092 866
1094 875
1096 872
1098 901
1100 920
1102 867
1104 859
1106 816
1108 836
1110 805
1112 811
1114 812
1116 783
1118 793
1120 786
1122 854
1124 796
1126 808
1128 808
1130 811
1132 823
1134 844
1136 795
1138 825
1140 846
1142 816
1144 854
1146 823
1148 894
1150 935
1152 847
1154 908
1156 978
1158 895
1160 971
1162 1003
1164 994
1166 994
1168 1146
1170 1018
1172 1101
1174 1144
1176 1144
1178 1197
1180 1202
1182 1300
1184 1322
1186 1357
1188 1338
1190 1332
1192 1408
1194 1346
1196 1397
1198 1265
1200 1220
1202 1233
1204 1208
1206 1244
1208 1107
1210 1138
1212 1054
1214 1152
1216 1115
1218 1062
1220 1049
1222 967
1224 1074
1226 976
1228 972
1230 1002
1232 947
1234 950
1236 925
1238 970
1240 934
1242 944
1244 942
1246 978
1248 934
1250 976
1252 911
1254 897
1256 914
1258 920
1260 909
1262 925
1264 894
1266 926
1268 903
1270 875
1272 910
1274 876
1276 870
1278 894
1280 896
1282 917
1284 932
1286 872
1288 906
1290 873
1292 933
1294 908
1296 820
1298 949
1300 913
1302 921
1304 829
1306 868
1308 836
1310 896
1312 852
1314 845
1316 852
1318 919
1320 937
1322 943
1324 861
1326 872
1328 901
1330 838
1332 912
1334 880
1336 912
1338 876
1340 902
1342 815
1344 838
1346 850
1348 911
1350 900
1352 884
1354 859
1356 851
1358 882
1360 894
1362 893
1364 892
1366 918
1368 933
1370 820
1372 828
1374 869
1376 873
1378 892
1380 866
1382 894
1384 956
1386 891
1388 936
1390 871
1392 937
1394 1069
1396 925
1398 1008
1400 996
1402 987
1404 999
1406 1020
1408 1057
1410 1036
1412 1216
1414 1272
1416 1524
1418 1654
1420 1839
1422 2012
1424 2046
1426 1932
1428 1896
1430 1981
1432 2018
1434 2267
1436 2637
1438 3048
1440 3648
1442 3873
1444 4084
1446 4020
1448 3801
1450 3501
1452 2860
1454 2561
1456 2251
1458 2004
1460 1836
1462 1872
1464 1687
1466 1630
1468 1693
1470 1590
1472 1619
1474 1663
1476 1550
1478 1541
1480 1529
1482 1501
1484 1556
1486 1494
1488 1530
1490 1402
1492 1418
1494 1405
1496 1330
1498 1410
1500 1392
1502 1324
1504 1273
1506 1317
1508 1295
1510 1272
1512 1266
1514 1254
1516 1077
1518 949
1520 790
1522 640
1524 486
1526 426
1528 341
1530 308
1532 268
1534 227
1536 172
1538 132
1540 118
1542 99
1544 87
1546 91
1548 89
1550 95
1552 75
1554 86
1556 70
1558 59
1560 57
1562 49
1564 33
1566 40
1568 18
1570 32
1572 20
1574 15
1576 18
1578 20
1580 16
1582 15
1584 11
1586 6
1588 8
1590 8
1592 9
1594 11
1596 8
1598 9
1600 4
1602 5
1604 10
1606 10
1608 5
1610 10
1612 5
1614 8
1616 4
1618 11
1620 6
1622 5
1624 8
1626 8
1628 5
1630 5
1632 4
1634 8
1636 6
1638 4
1640 5
1642 3
1644 4
1646 5
1648 7
1650 5
1652 8
1654 10
1656 12
1658 9
1660 6
1662 4
1664 15
1666 27
1668 33
1670 148
1672 273
1674 302
1676 318
1678 335
1680 338
1682 220
1684 129
1686 106
1688 121
1690 119
1692 79
1694 84
1696 71
1698 34
1700 32
1702 13
1704 8
1706 9
1708 8
1710 10
1712 16
1714 12
1716 21
1718 15
1720 14
1722 10
1724 16
1726 8
1728 9
1730 5
1732 6
1734 2
1736 1
1738 1
1742 1
1750 7
1752 3
1754 2
1756 3
1758 1
1760 4
1762 4
1766 2
1768 1
1770 2
1772 4
1774 2
1776 2
1778 5
1784 1
1786 1
1790 4
1794 1
1796 2
1798 1
1800 1
1802 1
1804 3
1816 1
1818 1
1822 1
1824 2
1826 1
1828 1
1830 1
1834 1
1846 1
1858 1
1868 1
1872 1
1878 1
1892 1
1898 1
1900 1
1910 1
1914 1
1916 2
1918 1
1922 1
1932 1
1934 1
1936 2
1950 1
1952 1
1956 1
1972 1
1980 2
1986 1
1996 1
1998 1
2004 1
2014 1
2020 2
2032 1
2034 2
2056 1
2062 1
2072 1
2080 1
2086 1
2106 1
2118 1
2128 1
2166 1
2176 1
2180 1
2200 1
2246 1
2328 1
4302 1
4344 1
4886 1
6592 1
7520 1
7624 1
7626 1
7672 1
7694 1
7710 1
7716 1
7724 1
7728 1
7730 1
7734 1
7764 1
7816 1
7822 2
7826 1
7834 1
7838 1
7844 1
7854 1
7870 1
7880 1
7882 1
7896 1
7906 2
7908 1
7922 1
7930 1
7932 1
7934 1
7940 1
7946 2
7948 1
7950 1
7952 1
7958 1
7962 1
7964 2
7978 1
7990 1
7994 1
7996 1
8010 1
8018 1
8026 1
8030 2
8036 1
8048 1
8050 2
8054 1
8058 2
8060 1
8072 1
8076 1
8082 1
8094 2
8098 1
8100 1
8110 1
8120 1
8122 1
8128 1
8136 1
8154 1
8156 2
8160 1
8164 1
8166 1
8168 1
8174 2
8176 1
8192 1
8202 2
8204 1
8206 1
8208 1
8212 1
8214 2
8218 1
8222 1
8224 1
8234 1
8236 1
8238 1
8242 1
8246 1
8260 1
8286 1
8294 1
8304 1
8322 2
8328 1
8332 1
8334 2
8340 1
8344 1
8350 1
8358 3
8362 3
8370 1
8372 1
8376 1
8380 1
8382 1
8388 1
8398 1
8410 2
8418 1
8422 1
8426 1
8430 1
8432 1
8446 1
8456 2
8478 2
8504 1
8506 1
8508 1
8522 1
8524 1
8534 1
8540 1
8544 1
8550 1
8552 1
8558 1
8574 2
8582 1
8594 2
8602 2
8604 1
8620 1
8630 1
8632 2
8676 1
8694 1
8696 1
8700 1
8702 1
8712 1
8732 2
8734 1
8742 1
8750 1
8756 2
8766 1
8782 1
8790 1
8792 1
8802 1
8804 1
8808 1
8810 1
8828 1
8834 1
8842 1
8854 1
8866 1
8872 1
8878 1
8882 1
8888 1
8892 1
8894 1
8902 1
8928 1
8936 1
8940 1
8944 1
8948 1
8952 1
8958 1
8968 1
8980 1
8988 1
8996 1
9014 1
9016 1
9022 1
9026 1
9030 2
9038 1
9048 1
9052 2
9056 1
9070 1
9072 1
9076 1
9084 2
9086 1
9100 1
9104 1
9108 1
9114 2
9116 1
9124 1
9130 1
9158 1
9168 1
9174 1
9180 1
9194 1
9204 1
9216 1
9226 1
9228 1
9230 1
9238 1
9246 1
9252 1
9254 1
9270 1
9276 1
9292 1
9294 1
9310 1
9326 1
9328 1
9338 2
9348 1
9350 1
9388 1
9394 1
9426 1
9476 1
9482 1
9498 1
9500 2
9504 1
9508 1
9518 1
9520 1
9524 1
9534 1
9546 2
9552 1
9576 1
9582 1
9604 2
9624 1
9638 3
9664 1
9684 1
9690 2
9752 1
9806 1
9846 1
9872 1
9878 1
9884 2
9910 1
9912 1
9926 1
9994 1
9996 1
9998 1
10022 1
10074 1
10114 1
10128 1
10132 1
10148 1
10204 1
10222 1
10266 1
10312 1
10314 1
10328 1
10330 1
10342 1
10358 1
10386 1
10394 1
10424 1
10426 1
10436 1
10508 1
10518 1
10550 1
10590 1
10606 1
10622 1
10640 1
10694 1
10800 1
10814 1
10998 1
11016 1
11044 1
11046 1
11244 1
11252 1
11298 1
11394 1
11528 1
11534 1
11558 1
11612 1
11666 1
11712 1
11778 1
11894 1
11908 1
12104 1
12224 1
12286 1
12410 1
12554 1
12756 1
12764 1
12830 1
12850 2
12998 1
13312 1
13368 1
13706 1
13992 1
14308 1
14410 1
15378 1
15462 1
16496 1
17026 1
18842 1